param P=13;
param C=13;
param Max = 3;
param QM = 75;

#Numero de pallets
param d:=
1	12
2	14
3	11
4	10
5	10
6	8
7	9
8	14
9	12
10	14
11	13
12	10;

param w:
	1	2	3:=
1	9	12	15
2	15	10	15	
3	9	11	8
4	9	9	11
5	10	13	9
6	13	15	8
7	9	12	13
8	8	10	12
9	10	9	12
10	14	13	12
11	11	9	9
12	15	8	14
13	14	9	11;

param Q:
	1	2	3:=
1	45	60	75
2	75	50	75
3	45	55	40
4	45	45	55
5	50	65	45
6	65	75	40
7	45	60	65
8	40	50	60
9	50	45	60
10	70	65	60
11	55	45	45
12	75	40	70
13	70	45	55;

param o:												
	1	2	3	4	5	6	7	8	9	10	11	12:=
1	16.66186716	6.332123168	1.395719565	0.84167956	15.29234867	10.26666978	7.766471052	0.499586711	11.81880209	10.43012284	1.826762803	6.463777342
2	17.12371907	7.77706171	2.748779843	0.746964111	15.85400788	11.76634995	8.531344864	1.348497399	13.03670988	11.95254444	3.177939458	7.839220789
3	15.74290447	5.095963119	0.276448451	2.040400418	14.32087651	9.065270226	6.732867026	1.728757254	10.5781808	9.251929951	0.607833009	5.212338779
4	15.21749057	4.547581684	0.480894171	2.607104484	13.77672951	8.551975242	6.175484137	2.334559588	9.971037618	8.760977274	0.095139307	4.630728425
5	13.59771025	0.4129422	4.617700265	6.723971388	11.95871405	4.452177302	4.991924294	6.360759187	6.328731168	4.726032931	4.191790487	0.876234527
6	8.920890094	5.056908869	6.697774765	8.466411511	7.418069189	7.488594504	0.23652004	8.476615555	5.520242697	8.040265558	6.35091757	4.351589197
7	12.50004161	0.949438391	5.356761232	7.487136696	10.84697781	4.136366311	4.155998409	7.188393195	5.250127713	4.53804283	4.919477493	0.29781681
8	13.9176971	4.093190154	9.069413244	11.13748749	12.20870857	0.071347012	7.542682239	10.72067275	4.562147726	0.652086931	8.653413556	4.275368802
9	14.76879537	4.463857606	9.307977972	11.32757766	13.06036966	0.809349687	8.283027412	10.87693119	5.383291313	0.203096574	8.906089666	4.759607693
10	9.398587814	5.61210047	9.972028742	12.06575612	7.697707423	4.610353286	5.212155579	11.85589646	0.505087691	5.196929328	9.540601843	5.147906046
11	1.760477801	11.76640067	14.06298675	15.68031135	0.074802166	12.20948293	7.601577619	15.77051766	7.761582789	12.80815483	13.7362481	11.07425148
12	0.295365936	13.20000228	15.29638169	16.83276964	1.433755801	13.68483451	8.891393317	16.95698937	9.214710131	14.28269172	14.98626655	12.5025368
13	1.005015651	14.43814814	16.36899415	17.83650921	2.715649061	14.96919849	10.02815169	17.98805371	10.49063884	15.56686592	16.07289795	13.73672762;

param c:													
	1	2	3	4	5	6	7	8	9	10	11	12	13:=
1	0	13.44936038	15.48292736	16.99743844	1.711728229	13.96967631	9.098319939	17.13033639	9.506167988	14.56807387	15.17745003	12.74995915	30.47466892
2	13.44936038	0	5.028282145	7.136340493	11.79621082	4.059858781	5.000197348	6.773599701	5.973054513	4.35233969	4.601334056	0.715896459	17.43159955
3	15.48292736	5.028282145	0	2.130376134	14.06748163	9.02859357	6.487191697	1.889219263	10.42502125	9.232515129	0.437667661	5.108208421	18.50958332
4	16.99743844	7.136340493	2.130376134	0	15.67780172	11.09370454	8.24124017	0.62177206	12.52594405	11.2644109	2.567764805	7.237800226	19.00353591
5	1.711728229	11.79621082	14.06748163	15.67780172	0	12.26033622	7.610402163	15.77093316	7.819142431	12.8594194	13.74231069	11.10297286	28.76623057
6	13.96967631	4.059858781	9.02859357	11.09370454	12.26033622	0	7.555063358	10.67455134	4.623326895	0.606254127	8.613508352	4.252912317	16.65940804
7	9.098319939	5.000197348	6.487191697	8.24124017	7.610402163	7.555063358	0	8.257445636	5.711927537	8.099139507	6.145049644	4.301794007	22.41710228
8	17.13033639	6.773599701	1.889219263	0.62177206	15.77093316	10.67455134	8.257445636	0	12.30559334	10.82134931	2.316038325	6.927520896	18.40148493
9	9.506167988	5.973054513	10.42502125	12.52594405	7.819142431	4.623326895	5.711927537	12.30559334	0	5.191001695	9.992043576	5.542490138	21.28234311
10	14.56807387	4.35233969	9.232515129	11.2644109	12.8594194	0.606254127	8.099139507	10.82134931	5.191001695	0	8.82712225	4.624791383	16.09483953
11	15.17745003	4.601334056	0.437667661	2.567764805	13.74231069	8.613508352	6.145049644	2.316038325	9.992043576	8.82712225	0	4.671763854	18.45396999
12	12.74995915	0.715896459	5.108208421	7.237800226	11.10297286	4.252912317	4.301794007	6.927520896	5.542490138	4.624791383	4.671763854	0	18.1426959
13	30.47466892	17.43159955	18.50958332	19.00353591	28.76623057	16.65940804	22.41710228	18.40148493	21.28234311	16.09483953	18.45396999	18.1426959	0;