param P=8;
param C=13;
param Max = 3;
param QM = 75;

#Numero de pallets
param d:=
1	21
2	14
3	13
4	10
5	14
6	12
7	19;

param w:
	1	2	3:=
1	9	12	15
2	15	10	15	
3	9	11	8
4	9	9	11
5	10	13	9
6	13	15	8
7	9	12	13
8	8	10	12
9	10	9	12
10	14	13	12
11	11	9	9
12	15	8	14
13	14	9	11;

param Q:
	1	2	3:=
1	45	60	75
2	75	50	75
3	45	55	40
4	45	45	55
5	50	65	45
6	65	75	40
7	45	60	65
8	40	50	60
9	50	45	60
10	70	65	60
11	55	45	45
12	75	40	70
13	70	45	55;

param o:								
	1	2	3	4	5	6	7:=
1	6.332123168	0.84167956	10.26666978	7.766471052	0.499586711	11.81880209	10.43012284	
2	7.77706171	0.746964111	11.76634995	8.531344864	1.348497399	13.03670988	11.95254444	
3	5.095963119	2.040400418	9.065270226	6.732867026	1.728757254	10.5781808	9.251929951	
4	4.547581684	2.607104484	8.551975242	6.175484137	2.334559588	9.971037618	8.760977274	
5	0.4129422	6.723971388	4.452177302	4.991924294	6.360759187	6.328731168	4.726032931	
6	5.056908869	8.466411511	7.488594504	0.23652004	8.476615555	5.520242697	8.040265558	
7	0.949438391	7.487136696	4.136366311	4.155998409	7.188393195	5.250127713	4.53804283	
8	4.093190154	11.13748749	0.071347012	7.542682239	10.72067275	4.562147726	0.652086931	
9	4.463857606	11.32757766	0.809349687	8.283027412	10.87693119	5.383291313	0.203096574	
10	5.61210047	12.06575612	4.610353286	5.212155579	11.85589646	0.505087691	5.196929328	
11	11.76640067	15.68031135	12.20948293	7.601577619	15.77051766	7.761582789	12.80815483	
12	13.20000228	16.83276964	13.68483451	8.891393317	16.95698937	9.214710131	14.28269172	
13	14.43814814	17.83650921	14.96919849	10.02815169	17.98805371	10.49063884	15.56686592;	
								
param c:								
	1	2	3	4	5	6	7	8:=
1	0	7.136340493	4.059858781	5.000197348	6.773599701	5.973054513	4.35233969	17.43159955
2	7.136340493	0	11.09370454	8.24124017	0.62177206	12.52594405	11.2644109	19.00353591
3	4.059858781	11.09370454	0	7.555063358	10.67455134	4.623326895	0.606254127	16.65940804
4	5.000197348	8.24124017	7.555063358	0	8.257445636	5.711927537	8.099139507	22.41710228
5	6.773599701	0.62177206	10.67455134	8.257445636	0	12.30559334	10.82134931	18.40148493
6	5.973054513	12.52594405	4.623326895	5.711927537	12.30559334	0	5.191001695	21.28234311
7	4.35233969	11.2644109	0.606254127	8.099139507	10.82134931	5.191001695	0	16.09483953
8	17.43159955	19.00353591	16.65940804	22.41710228	18.40148493	21.28234311	16.09483953	0;
